[ 0.01        0.02200401  0.03400802  0.04601202  0.05801603  0.07002004
  0.08202405  0.09402806  0.10603206  0.11803607  0.13004008  0.14204409
  0.1540481   0.1660521   0.17805611  0.19006012  0.20206413  0.21406814
  0.22607214  0.23807615  0.25008016  0.26208417  0.27408818  0.28609218
  0.29809619  0.3101002   0.32210421  0.33410822  0.34611222  0.35811623
  0.37012024  0.38212425  0.39412826  0.40613226  0.41813627  0.43014028
  0.44214429  0.4541483   0.4661523   0.47815631  0.49016032  0.50216433
  0.51416834  0.52617234  0.53817635  0.55018036  0.56218437  0.57418838
  0.58619238  0.59819639  0.6102004   0.62220441  0.63420842  0.64621242
  0.65821643  0.67022044  0.68222445  0.69422846  0.70623246  0.71823647
  0.73024048  0.74224449  0.7542485   0.76625251  0.77825651  0.79026052
  0.80226453  0.81426854  0.82627255  0.83827655  0.85028056  0.86228457
  0.87428858  0.88629259  0.89829659  0.9103006   0.92230461  0.93430862
  0.94631263  0.95831663  0.97032064  0.98232465  0.99432866  1.00633267
  1.01833667  1.03034068  1.04234469  1.0543487   1.06635271  1.07835671
  1.09036072  1.10236473  1.11436874  1.12637275  1.13837675  1.15038076
  1.16238477  1.17438878  1.18639279  1.19839679  1.2104008   1.22240481
  1.23440882  1.24641283  1.25841683  1.27042084  1.28242485  1.29442886
  1.30643287  1.31843687  1.33044088  1.34244489  1.3544489   1.36645291
  1.37845691  1.39046092  1.40246493  1.41446894  1.42647295  1.43847695
  1.45048096  1.46248497  1.47448898  1.48649299  1.49849699  1.510501
  1.52250501  1.53450902  1.54651303  1.55851703  1.57052104  1.58252505
  1.59452906  1.60653307  1.61853707  1.63054108  1.64254509  1.6545491
  1.66655311  1.67855711  1.69056112  1.70256513  1.71456914  1.72657315
  1.73857715  1.75058116  1.76258517  1.77458918  1.78659319  1.79859719
  1.8106012   1.82260521  1.83460922  1.84661323  1.85861723  1.87062124
  1.88262525  1.89462926  1.90663327  1.91863727  1.93064128  1.94264529
  1.9546493   1.96665331  1.97865731  1.99066132  2.00266533  2.01466934
  2.02667335  2.03867735  2.05068136  2.06268537  2.07468938  2.08669339
  2.09869739  2.1107014   2.12270541  2.13470942  2.14671343  2.15871743
  2.17072144  2.18272545  2.19472946  2.20673347  2.21873747  2.23074148
  2.24274549  2.2547495   2.26675351  2.27875752  2.29076152  2.30276553
  2.31476954  2.32677355  2.33877756  2.35078156  2.36278557  2.37478958
  2.38679359  2.3987976   2.4108016   2.42280561  2.43480962  2.44681363
  2.45881764  2.47082164  2.48282565  2.49482966  2.50683367  2.51883768
  2.53084168  2.54284569  2.5548497   2.56685371  2.57885772  2.59086172
  2.60286573  2.61486974  2.62687375  2.63887776  2.65088176  2.66288577
  2.67488978  2.68689379  2.6988978   2.7109018   2.72290581  2.73490982
  2.74691383  2.75891784  2.77092184  2.78292585  2.79492986  2.80693387
  2.81893788  2.83094188  2.84294589  2.8549499   2.86695391  2.87895792
  2.89096192  2.90296593  2.91496994  2.92697395  2.93897796  2.95098196
  2.96298597  2.97498998  2.98699399  2.998998    3.011002    3.02300601
  3.03501002  3.04701403  3.05901804  3.07102204  3.08302605  3.09503006
  3.10703407  3.11903808  3.13104208  3.14304609  3.1550501   3.16705411
  3.17905812  3.19106212  3.20306613  3.21507014  3.22707415  3.23907816
  3.25108216  3.26308617  3.27509018  3.28709419  3.2990982   3.3111022
  3.32310621  3.33511022  3.34711423  3.35911824  3.37112224  3.38312625
  3.39513026  3.40713427  3.41913828  3.43114228  3.44314629  3.4551503
  3.46715431  3.47915832  3.49116232  3.50316633  3.51517034  3.52717435
  3.53917836  3.55118236  3.56318637  3.57519038  3.58719439  3.5991984
  3.6112024   3.62320641  3.63521042  3.64721443  3.65921844  3.67122244
  3.68322645  3.69523046  3.70723447  3.71923848  3.73124248  3.74324649
  3.7552505   3.76725451  3.77925852  3.79126253  3.80326653  3.81527054
  3.82727455  3.83927856  3.85128257  3.86328657  3.87529058  3.88729459
  3.8992986   3.91130261  3.92330661  3.93531062  3.94731463  3.95931864
  3.97132265  3.98332665  3.99533066  4.00733467  4.01933868  4.03134269
  4.04334669  4.0553507   4.06735471  4.07935872  4.09136273  4.10336673
  4.11537074  4.12737475  4.13937876  4.15138277  4.16338677  4.17539078
  4.18739479  4.1993988   4.21140281  4.22340681  4.23541082  4.24741483
  4.25941884  4.27142285  4.28342685  4.29543086  4.30743487  4.31943888
  4.33144289  4.34344689  4.3554509   4.36745491  4.37945892  4.39146293
  4.40346693  4.41547094  4.42747495  4.43947896  4.45148297  4.46348697
  4.47549098  4.48749499  4.499499    4.51150301  4.52350701  4.53551102
  4.54751503  4.55951904  4.57152305  4.58352705  4.59553106  4.60753507
  4.61953908  4.63154309  4.64354709  4.6555511   4.66755511  4.67955912
  4.69156313  4.70356713  4.71557114  4.72757515  4.73957916  4.75158317
  4.76358717  4.77559118  4.78759519  4.7995992   4.81160321  4.82360721
  4.83561122  4.84761523  4.85961924  4.87162325  4.88362725  4.89563126
  4.90763527  4.91963928  4.93164329  4.94364729  4.9556513   4.96765531
  4.97965932  4.99166333  5.00366733  5.01567134  5.02767535  5.03967936
  5.05168337  5.06368737  5.07569138  5.08769539  5.0996994   5.11170341
  5.12370741  5.13571142  5.14771543  5.15971944  5.17172345  5.18372745
  5.19573146  5.20773547  5.21973948  5.23174349  5.24374749  5.2557515
  5.26775551  5.27975952  5.29176353  5.30376754  5.31577154  5.32777555
  5.33977956  5.35178357  5.36378758  5.37579158  5.38779559  5.3997996
  5.41180361  5.42380762  5.43581162  5.44781563  5.45981964  5.47182365
  5.48382766  5.49583166  5.50783567  5.51983968  5.53184369  5.5438477
  5.5558517   5.56785571  5.57985972  5.59186373  5.60386774  5.61587174
  5.62787575  5.63987976  5.65188377  5.66388778  5.67589178  5.68789579
  5.6998998   5.71190381  5.72390782  5.73591182  5.74791583  5.75991984
  5.77192385  5.78392786  5.79593186  5.80793587  5.81993988  5.83194389
  5.8439479   5.8559519   5.86795591  5.87995992  5.89196393  5.90396794
  5.91597194  5.92797595  5.93997996  5.95198397  5.96398798  5.97599198
  5.98799599  6.        ]
[0.0, 0.0, 0.0, 0.0, 0.0, 0.0, 0.0, 0.0, 0.0, 0.0, 0.0, 0.0, 0.0, 0.0, 0.0, 0.0003333333333333333, 0.0005333333333333334, 0.0010666666666666667, 0.0022, 0.0030666666666666668, 0.0038666666666666667, 0.005533333333333334, 0.005733333333333333, 0.008733333333333333, 0.009066666666666667, 0.012666666666666666, 0.014, 0.015066666666666667, 0.0178, 0.018933333333333333, 0.021266666666666666, 0.024133333333333333, 0.0258, 0.0264, 0.0286, 0.03166666666666667, 0.0334, 0.0322, 0.03493333333333333, 0.038533333333333336, 0.03833333333333333, 0.038266666666666664, 0.0424, 0.043866666666666665, 0.046933333333333334, 0.047733333333333336, 0.04833333333333333, 0.04753333333333333, 0.05026666666666667, 0.05246666666666667, 0.0534, 0.0544, 0.054933333333333334, 0.05313333333333333, 0.05826666666666667, 0.06113333333333333, 0.0612, 0.0596, 0.0652, 0.06386666666666667, 0.064, 0.0658, 0.0676, 0.065, 0.07006666666666667, 0.07146666666666666, 0.0694, 0.07166666666666667, 0.0698, 0.07013333333333334, 0.07113333333333334, 0.07286666666666666, 0.07026666666666667, 0.07453333333333333, 0.07373333333333333, 0.07233333333333333, 0.0746, 0.07986666666666667, 0.07153333333333334, 0.07513333333333333, 0.0734, 0.07846666666666667, 0.07513333333333333, 0.07266666666666667, 0.078, 0.07493333333333334, 0.0744, 0.07646666666666667, 0.078, 0.0774, 0.07526666666666666, 0.07713333333333333, 0.08013333333333333, 0.07893333333333333, 0.0788, 0.0754, 0.07953333333333333, 0.08053333333333333, 0.0782, 0.07626666666666666, 0.07553333333333333, 0.07653333333333333, 0.0734, 0.07966666666666666, 0.08046666666666667, 0.07993333333333333, 0.07726666666666666, 0.07886666666666667, 0.07826666666666666, 0.0766, 0.07786666666666667, 0.07926666666666667, 0.07433333333333333, 0.0808, 0.07766666666666666, 0.08213333333333334, 0.07646666666666667, 0.07813333333333333, 0.07533333333333334, 0.07473333333333333, 0.07886666666666667, 0.07293333333333334, 0.0762, 0.0764, 0.07706666666666667, 0.07513333333333333, 0.0774, 0.07533333333333334, 0.06966666666666667, 0.07313333333333333, 0.07633333333333334, 0.07033333333333333, 0.07326666666666666, 0.0714, 0.06993333333333333, 0.06986666666666666, 0.07286666666666666, 0.069, 0.07093333333333333, 0.07213333333333333, 0.0698, 0.06973333333333333, 0.07113333333333334, 0.06933333333333333, 0.0688, 0.0682, 0.0714, 0.07113333333333334, 0.069, 0.0688, 0.06553333333333333, 0.07053333333333334, 0.0684, 0.06566666666666666, 0.0628, 0.06773333333333334, 0.06733333333333333, 0.0636, 0.06546666666666667, 0.0664, 0.06513333333333333, 0.0648, 0.06353333333333333, 0.062, 0.0636, 0.05853333333333333, 0.060733333333333334, 0.06093333333333333, 0.06193333333333333, 0.059533333333333334, 0.06213333333333333, 0.058866666666666664, 0.05733333333333333, 0.05706666666666667, 0.0572, 0.059533333333333334, 0.0578, 0.058866666666666664, 0.0532, 0.05533333333333333, 0.061, 0.06066666666666667, 0.055, 0.0562, 0.057133333333333335, 0.05393333333333333, 0.054733333333333335, 0.054, 0.05366666666666667, 0.054533333333333336, 0.052, 0.051866666666666665, 0.051666666666666666, 0.0518, 0.048666666666666664, 0.0496, 0.0532, 0.051333333333333335, 0.04666666666666667, 0.049666666666666665, 0.049133333333333334, 0.0512, 0.04873333333333333, 0.0464, 0.0492, 0.046266666666666664, 0.045733333333333334, 0.048266666666666666, 0.044533333333333334, 0.047933333333333335, 0.0472, 0.0462, 0.04533333333333334, 0.045533333333333335, 0.044, 0.0394, 0.0464, 0.0452, 0.0438, 0.045533333333333335, 0.041933333333333336, 0.04006666666666667, 0.041666666666666664, 0.04413333333333333, 0.0396, 0.03913333333333333, 0.035866666666666665, 0.038, 0.0412, 0.038533333333333336, 0.038933333333333334, 0.0394, 0.0366, 0.039, 0.037066666666666664, 0.037333333333333336, 0.0384, 0.03913333333333333, 0.038533333333333336, 0.034333333333333334, 0.034866666666666664, 0.033133333333333334, 0.033, 0.034, 0.03553333333333333, 0.03186666666666667, 0.0328, 0.03, 0.033133333333333334, 0.0358, 0.031933333333333334, 0.033133333333333334, 0.03333333333333333, 0.030466666666666666, 0.030266666666666667, 0.0338, 0.03306666666666667, 0.030133333333333335, 0.030266666666666667, 0.028466666666666668, 0.027933333333333334, 0.0262, 0.027066666666666666, 0.0306, 0.029933333333333333, 0.030133333333333335, 0.027133333333333332, 0.027133333333333332, 0.0294, 0.025933333333333333, 0.028933333333333332, 0.029533333333333335, 0.0268, 0.026266666666666667, 0.025733333333333334, 0.026466666666666666, 0.026, 0.025933333333333333, 0.0252, 0.0242, 0.025733333333333334, 0.026066666666666665, 0.023066666666666666, 0.026733333333333335, 0.0222, 0.024733333333333333, 0.025266666666666666, 0.0228, 0.024666666666666667, 0.023266666666666668, 0.024733333333333333, 0.024466666666666668, 0.0226, 0.023666666666666666, 0.021933333333333332, 0.0242, 0.022933333333333333, 0.022533333333333332, 0.025333333333333333, 0.022933333333333333, 0.021266666666666666, 0.023466666666666667, 0.019733333333333332, 0.023933333333333334, 0.0206, 0.020466666666666668, 0.020133333333333333, 0.02, 0.0202, 0.021266666666666666, 0.021533333333333335, 0.022333333333333334, 0.021733333333333334, 0.018533333333333332, 0.019866666666666668, 0.019866666666666668, 0.020466666666666668, 0.021733333333333334, 0.020666666666666667, 0.021066666666666668, 0.020466666666666668, 0.02033333333333333, 0.0206, 0.018466666666666666, 0.0204, 0.018133333333333335, 0.0216, 0.018733333333333334, 0.019533333333333333, 0.0208, 0.018133333333333335, 0.019733333333333332, 0.0192, 0.018333333333333333, 0.018333333333333333, 0.018533333333333332, 0.017133333333333334, 0.018333333333333333, 0.01806666666666667, 0.019, 0.018533333333333332, 0.0176, 0.0154, 0.01633333333333333, 0.017066666666666667, 0.016533333333333334, 0.017533333333333335, 0.01806666666666667, 0.017, 0.0164, 0.014466666666666666, 0.017133333333333334, 0.017733333333333334, 0.015266666666666666, 0.017666666666666667, 0.0162, 0.0166, 0.016266666666666665, 0.016066666666666667, 0.015666666666666666, 0.015, 0.016, 0.0164, 0.014933333333333333, 0.014066666666666667, 0.017333333333333333, 0.0158, 0.0156, 0.015, 0.014, 0.0132, 0.0158, 0.013866666666666666, 0.0148, 0.0152, 0.013666666666666667, 0.014266666666666667, 0.013733333333333334, 0.012866666666666667, 0.014066666666666667, 0.012933333333333333, 0.0138, 0.015333333333333332, 0.0138, 0.013333333333333334, 0.011733333333333333, 0.012666666666666666, 0.013266666666666666, 0.014066666666666667, 0.012933333333333333, 0.0132, 0.0136, 0.013933333333333334, 0.012266666666666667, 0.013266666666666666, 0.012466666666666666, 0.0134, 0.011466666666666667, 0.012133333333333333, 0.013333333333333334, 0.014733333333333333, 0.0122, 0.0142, 0.013266666666666666, 0.013, 0.0106, 0.0124, 0.010333333333333333, 0.0126, 0.0126, 0.011666666666666667, 0.0126, 0.011666666666666667, 0.0126, 0.0122, 0.012133333333333333, 0.012866666666666667, 0.010933333333333333, 0.012333333333333333, 0.0112, 0.012066666666666667, 0.012733333333333333, 0.012466666666666666, 0.0122, 0.0102, 0.012066666666666667, 0.010933333333333333, 0.011733333333333333, 0.010466666666666668, 0.009666666666666667, 0.009466666666666667, 0.0114, 0.0116, 0.009933333333333334, 0.012, 0.011133333333333334, 0.011666666666666667, 0.010733333333333333, 0.0096, 0.009666666666666667, 0.009733333333333333, 0.0098, 0.011533333333333333, 0.009733333333333333, 0.011333333333333334, 0.009266666666666666, 0.010333333333333333, 0.01, 0.0102, 0.0104, 0.010933333333333333, 0.009266666666666666, 0.0098, 0.010866666666666667, 0.010133333333333333, 0.009266666666666666, 0.009533333333333333, 0.0098, 0.009266666666666666, 0.01, 0.0088, 0.009133333333333334, 0.010933333333333333, 0.009066666666666667, 0.009866666666666666, 0.0104, 0.0088, 0.010066666666666666, 0.0098, 0.008866666666666667, 0.008933333333333333, 0.009333333333333334, 0.009933333333333334, 0.010266666666666667, 0.009666666666666667, 0.01, 0.0094, 0.0078, 0.008333333333333333, 0.0094, 0.008733333333333333, 0.0084, 0.009466666666666667, 0.007533333333333334, 0.007666666666666666, 0.009066666666666667, 0.0094, 0.008533333333333334, 0.007666666666666666, 0.0076, 0.008533333333333334, 0.009733333333333333, 0.0088, 0.0086, 0.007866666666666666, 0.008733333333333333, 0.008533333333333334, 0.0078, 0.0071333333333333335, 0.007933333333333334]